1.170201519820377811e+01
1.007968104410902832e+01
1.779286660089922734e+01
1.879352558253120620e+01
2.045555669038083835e+01
7.548818782693294871e+00
7.607086791021876238e+00
7.507164635895906102e+00
7.673463612041454773e+00
1.324250979499187153e+01
7.608293102343753667e+00
1.436145037774958944e+01
7.687803473624469142e+00
2.310019989050782385e+01
8.115652599739009432e+00
1.304071975836180286e+01
1.883357631993012760e+01
2.528692603059727873e+01
8.998840762739408916e+00
1.010685678078636940e+01
1.500453106512001966e+01
7.541370451285923870e+00
5.226948422559666341e+01
7.457278883723601481e+00
1.548864591936997570e+01
9.593139836776190421e+00
1.211931385552666285e+01
8.532179389664843683e+00
2.718981596033993142e+01
1.161983434359909140e+01
1.380047958343325298e+01
1.652610314489158583e+01
1.446284497659163470e+01
1.301857185696749042e+01
9.410807501418352317e+00
8.264473060527292247e+00
8.609301348036431989e+00
8.117168788845582128e+00
9.309064828621096410e+00
9.773540666439572533e+00
7.791548590905296834e+00
1.235787955597426446e+01
1.179633177106037323e+01
2.032055294787241095e+01
8.223111717478289506e+00
8.390659455028218972e+00
2.781428267772324858e+01
2.268148580051363794e+01
1.238335469495860863e+01
2.704333311951579333e+01
5.713349879905995010e+01
8.442944600385208886e+00
4.721304326408282037e+01
8.247305888493047021e+00
3.642913239690690830e+01
3.667567670713144423e+01
1.257456812022253878e+01
7.978965218527884318e+00
7.453012739661288855e+00
1.030956041101061871e+01
2.706222875410955453e+01
7.424367403866568793e+00
4.682305713621104104e+01
8.723711526216934686e+00
7.544709997349431596e+00
1.038157746158642425e+01
1.676367655483209873e+01
1.014837687094177809e+01
7.400912139642979781e+00
8.867818580151160646e+00
2.559581847718432712e+01
3.757605059808759052e+01
2.747207229105050885e+01
2.049626423747088211e+01
1.157928558140594788e+01
1.030073071956172726e+01
2.111010903144645567e+01
1.028761966992119170e+01
9.848878364721086243e+00
8.299002993392740279e+00
1.373144914512862336e+01
1.352573032487556759e+01
1.802214465573973001e+01
1.350786297200149377e+01
2.180043293303475949e+01
1.546420287572287044e+01
3.325420577065872862e+01
1.112234693901808136e+01
1.074940650305288159e+01
1.799587893054043519e+01
3.717371699425449094e+01
7.839470843857443860e+00
7.930131207995869680e+00
1.105967964634423950e+01
9.699895910832712076e+00
1.308930627333830010e+01
1.229506091288552305e+01
2.353516772660232093e+01
7.589237424183055580e+00
1.119943839257083518e+01
9.554531386652184821e+00
1.642056375906276955e+01
1.957275381968418415e+01
8.257968162420267433e+00
9.883627469463169390e+00
3.561947525128336878e+01
1.157699906928834466e+01
1.230515842038498597e+01
1.464440813592880808e+01
7.657745212988421812e+00
1.677601182745399555e+01
7.850964922092295240e+01
1.381447445867759072e+01
9.517747219335713993e+00
1.058431589122626804e+01
7.515622452313842849e+00
9.279570939164326404e+00
9.374513205100708291e+00
1.038505630905194543e+01
8.118825299392659289e+00
7.469471742646020651e+00
4.055657777680795562e+01
8.528020310208368926e+00
8.741284965354022773e+00
8.406373011812096507e+00
7.926017242406814489e+00
7.993713044762001729e+00
8.487836101799658195e+00
1.286293533776045273e+01
1.990212111779039716e+01
1.088953752280838927e+01
9.787305049434767312e+00
3.102450620310557383e+01
1.103262027386368338e+01
1.514613643300119605e+01
8.840299974883459200e+00
1.188051238195072834e+01
9.953284733787599592e+00
5.818555849493697707e+01
1.450060611043134173e+01
7.453687352925207676e+00
8.251001578974381800e+00
7.756329036753994544e+00
1.091182883606404097e+01
8.097847410643426613e+00
2.095516899235487429e+01
9.622358775745524895e+00
2.265446905538061628e+01
1.215753703486764969e+01
7.856154126010482130e+00
1.365321716515555650e+01
7.662978813743412942e+00
2.446400508794176432e+01
1.466899647295202591e+01
9.897911642107800390e+00
2.586181177870955494e+01
4.251686156573431674e+01
7.901286361221984578e+00
1.298794532327738338e+01
1.011933309019384275e+01
1.157920151718953150e+01
3.119390475653640351e+02
1.180346608751211868e+01
1.104827891767580006e+01
8.155380278191753263e+00
9.890997321161806966e+00
7.630005380736157861e+00
3.435966850635858094e+01
2.352774618738848389e+01
1.278280901929348623e+01
8.724778302202468083e+00
8.360527586570244196e+00
8.696535618802512246e+00
7.747602178586143751e+00
1.227096493080164841e+01
2.081150541229655460e+01
1.796329785888968900e+01
7.601084696084810410e+00
9.160776498029438386e+00
2.015675633805972566e+01
1.231467456617082412e+01
1.354330875885132457e+01
1.451571080679989301e+01
2.210890232387058774e+01
7.625300352481855448e+00
7.803525538373640380e+00
2.418797978102743684e+01
8.943273811570291443e+00
8.315693758142408853e+00
5.206339000831570729e+01
9.342403107542825325e+00
1.301192274253587300e+01
2.337163538131583351e+01
8.263456040524676638e+00
7.908019027723180550e+00
1.625494405546913512e+01
1.685067998256264232e+01
8.500932851588013150e+00
8.442708831895361143e+00
8.359620083834618853e+00
7.874739325409096935e+00
8.074850095655422777e+00
1.216037363198508103e+01
2.036397895041329065e+01
7.582803142987243561e+00
8.815711549557724069e+00
8.183135977647760129e+00
1.221987465155197050e+01
1.916990713891029330e+01
1.624367446725763386e+01
7.403896737859798627e+00
9.838916793474707490e+00
1.609912583092398464e+01
8.892648463191935804e+00
8.015432648239999125e+00
1.033511180021312903e+01
1.154850912125650808e+01
1.008873461182901998e+01
3.140641883988218552e+01
1.783337041076238449e+01
1.067629627113811708e+01
1.716878420264686866e+01
8.406419557877036652e+00
7.397093525594760521e+00
8.746837367066103042e+00
1.463381251657906823e+01
1.259813476707708446e+01
1.201869689830673416e+01
9.934231618201101455e+00
1.169915465394934273e+01
7.830041895858662393e+00
7.435449609440563101e+00
2.260304495211951803e+01
5.400332273472418620e+01
7.419192815899452675e+00
1.154572659105035193e+01
1.049730287955587826e+01
1.177652841367904557e+01
7.967068366800887702e+00
1.032954349999491406e+01
1.161461060727403449e+01
1.341781240589403090e+01
1.095427452357060361e+01
1.001020859252312434e+01
8.309722413160724130e+00
1.058932971965757375e+01
1.134489019523872599e+01
9.778346999320115529e+00
9.481322566681729569e+00
1.613739712564062501e+01
1.321466425736703520e+01
9.337051842010900771e+00
1.485290053741101879e+01
1.151996106245348628e+01
1.082090917177237444e+01
1.825173711734202797e+01
1.252416074198437279e+01
3.331601344613124382e+01
8.451027197731342255e+00
9.869903195443979982e+00
2.320010039681465486e+01
1.211336249186905256e+01
9.289835609132554239e+00
1.352221404111337577e+01
8.122620933256493814e+00
1.683103771783395075e+01
8.112782202295351297e+00
3.465475638239068701e+01
1.059380042904471786e+01
1.171840298800426261e+01
1.237313925068026421e+01
1.573028059390517797e+01
1.241396198723837507e+01
9.638815401472598410e+00
8.922052508145510430e+00
9.082340009207191756e+00
1.076650808259696035e+01
7.826710774372032553e+00
2.203690953211493664e+01
1.090836440615793101e+01
1.637469095046154521e+01
2.084950161344540831e+01
8.058365634598883886e+00
1.555034673163097558e+01
7.516644579197250486e+00
1.079302711421754246e+01
8.397492165840780842e+00
8.408790740662153596e+00
9.176072010095319698e+00
7.552372571066617191e+00
1.013170772365812589e+01
9.141530660352733761e+00
1.317137822995884022e+01
9.217604834012806947e+00
1.858178105085118403e+01
8.654399547978483653e+00
9.311772053360868995e+00
8.420223950050051087e+00
1.089299323787871643e+01
1.689896107807123826e+01
1.484517157635516149e+01
8.955910334247164428e+00
7.868082526951778455e+00
1.080011367141727874e+01
5.820753737910212777e+01
7.406961002673434713e+00
1.221685112300962217e+01
8.516927556067228622e+00
1.589372983113234383e+01
6.208232250458173951e+01
8.373245992910678837e+00
1.104129191856136849e+01
1.062670802060274156e+02
1.215197690804695796e+01
1.380068840177050760e+01
9.746133285227944754e+00
8.363675716691599149e+00
7.908397328518827152e+00
7.463729005781868153e+00
6.074967748359213715e+01
7.693363012183619176e+00
7.688979808414091011e+00
1.523422972787883012e+01
2.410160572869697049e+01
8.921387787685361559e+00
7.895310664139119083e+00
9.777844141060784366e+00
1.207184236132827060e+01
2.182881869665766317e+01
9.122993032793363710e+00
8.114423215210198492e+00
1.285955058784111849e+01
1.106907894449687113e+01
1.326260601566260533e+01
6.243529177023233956e+01
3.847106778673709471e+01
8.405379242137362539e+00
8.303620439146989440e+00
2.554115615800658290e+01
8.022056029377722552e+00
9.291349771194294505e+00
7.653864391837904790e+00
1.034720682344457110e+01
8.304334570467352350e+00
7.820590041775970391e+00
1.428935654998559812e+01
8.838563296182437412e+00
2.999975514275868349e+01
1.169401407796545023e+01
8.897683576693884433e+00
3.379254928067669539e+01
3.686948308154887854e+01
7.510635915257303452e+00
8.562293014532137647e+00
1.661029686079120182e+01
1.145755275708883580e+01
1.282827978549077486e+01
9.827767505693422834e+00
8.145094578922687845e+00
2.422381350774857722e+01
1.092410278762402420e+01
1.156911762243906772e+01
1.041011172675282026e+01
8.981125222894100091e+00
1.829593868900051490e+01
1.010649100775826525e+01
9.177582466279670115e+00
1.916550811331170934e+01
9.312686174631124914e+00
1.166494559912073470e+01
3.299179080294517519e+01
1.001512269789999898e+01
8.769508518451747392e+00
8.097095156358252055e+00
1.728378366148410095e+01
1.557168794454757688e+01
2.041547502926809088e+01
1.239979170316648549e+01
7.595401154306771652e+00
9.865888866448520034e+00
8.234553210972523019e+00
9.719832514836232562e+00
1.149785644680664376e+01
9.727377147349773878e+00
8.632839540663846734e+00
1.114721087392603494e+01
7.642375600142480963e+00
7.470081522364828253e+00
9.877869016986718265e+00
1.283578068258503713e+01
7.892360753489452208e+00
1.157790821803850712e+01
8.635955532649431277e+00
1.586230585867919984e+01
8.803596270782243494e+00
7.573040297247764840e+00
2.364637997651668400e+01
1.133513149305047563e+01
7.555117205009399761e+00
1.146274118634884331e+01
1.184225492720840265e+02
4.664396831777794006e+01
9.159382584995382715e+00
3.473351433555146883e+01
7.392154082283887817e+00
7.722424012462153264e+00
1.746328835720471773e+01
1.041049073786994583e+01
1.053822729465933072e+01
1.443416110770214722e+01
1.122243874345424786e+01
1.555840507154088748e+01
9.289237309060192516e+00
7.781809200456540232e+00
8.668441921694215679e+00
9.171156903826448215e+00
9.754726055637680915e+00
7.393282858027391491e+00
9.906108594947360402e+00
8.789070306931812127e+00
1.225283508139453126e+01
1.766505070277638367e+01
3.485939341363014421e+01
7.473564097219595581e+00
1.263730852530811788e+01
1.259508921391584479e+01
8.990972112295560592e+00
2.017357293309003552e+01
1.576984153343934203e+01
2.084950604392659912e+01
1.077318058403153245e+01
8.209445261657037918e+00
9.433964621122417071e+00
1.605341536307487615e+01
7.463861686688543884e+00
7.494829969776734657e+00
8.676417671954927968e+00
3.891796479980790480e+01
1.605902958459489938e+01
9.070010584302560019e+00
7.480687674311201185e+00
1.244170794260875290e+01
9.272186886623250857e+00
2.206151841442592598e+01
8.482642661032924636e+00
9.051211350124054533e+00
1.750328945664232094e+01
8.086764650442193059e+00
8.496290882404306188e+00
7.848359019195327413e+00
9.885682129461791590e+00
1.174709271119034604e+01
9.534011598855748559e+00
1.301246570471278652e+01
5.816053437744137966e+01
8.509917338103367257e+00
2.208025816980882894e+01
1.218059990223684252e+01
9.905067173021754101e+00
1.795321321171060802e+01
1.290671833860605844e+01
1.320116826456724901e+01
1.009930980482346641e+01
1.418023628903907074e+01
1.983596015951171410e+01
3.240467912731190125e+01
7.964832063397766504e+00
9.261333258888623021e+00
1.205164476607556878e+01
9.856975711593442213e+00
1.726902955131605566e+01
2.266767849460546458e+01
1.495738240034718736e+01
2.463309865495198991e+01
2.076715345520380751e+01
1.651732152952211763e+01
1.995176642490055841e+01
9.049073148040537973e+00
1.693239645372684521e+01
9.394653008192662469e+00
1.097791057959320327e+01
1.276380356430276208e+01
5.110307864130653854e+01
2.772484254176993801e+01
1.272997169877928947e+01
1.037436506963399729e+01
9.218899343837030358e+00
8.206429689796161497e+00
8.822621636712383975e+00
1.227551358815874849e+01
7.787442584064327988e+00
9.557728679053962395e+00
3.250369030346342925e+01
7.692012430153782887e+00
1.067066394930598783e+01
8.358493772936574473e+00
7.932322722122171932e+00
9.331481920782294992e+00
8.181383192530713444e+00
1.845887147327204758e+01
9.330187534557062179e+00
1.628272894481950672e+01
7.725497234520983802e+00
8.737934206308970886e+00
8.456491960076853331e+00
1.194506489897049839e+01
8.223455527322632008e+01
1.125092811991183517e+01
8.841513913400735447e+00
1.040344213444610055e+01
1.200555534985734241e+01
1.011896816585400138e+01
8.994947643163840212e+00
1.769863601752674143e+01
9.007090643731567425e+00
7.851221570248444692e+00
7.446036114700993025e+00
3.636865178224493178e+01
1.254987497324337653e+01
1.575250256135374194e+01
1.395850313874770166e+01
1.228024656676246273e+01
1.013156856395295691e+01
1.087730086564220144e+01
3.120892563040153789e+01
2.099336277828173891e+01
7.919683341332198978e+00
7.575219533623282153e+00
9.329115324712660140e+00
9.621150355410714283e+00
4.533048501366641858e+01
1.266022866071924113e+01
8.561391601696588083e+00
8.688885029365907897e+00
1.243810888716132368e+01
1.420727481688407146e+01
8.733738564469073040e+00
1.032785908697173483e+01
1.536305509776819349e+02
9.570169195033711773e+00
1.518572837028438194e+01
8.009404586825013439e+00
7.695792278989179280e+00
1.076796748103944452e+02
3.307515421064471894e+01
1.153613544525374479e+01
1.096603282240270794e+01
1.234806824012073179e+01
1.694014348781131218e+01
2.033239857018070751e+01
1.508133311184504066e+01
9.068662115638728594e+00
1.016801192589165836e+01
1.032661386076408405e+01
1.396849447005118883e+01
1.697679385817879449e+01
8.352930661318989536e+00
1.186701275107996523e+01
9.399291959270101415e+00
2.712114380839498651e+01
9.145424499061169499e+00
3.099438650927013938e+01
2.776605868068033089e+01
7.557000645260624871e+00
1.213942623908999785e+01
1.077540323452560145e+01
1.192596251073152658e+01
7.796283046239043557e+00
9.539723020893381644e+00
9.344704567992565103e+00
9.311211980802239552e+00
8.408653950726456827e+00
8.331166332679105224e+00
1.651364033551015709e+01
7.534181756790088613e+00
1.561148270084332808e+02
1.021644908083028547e+01
7.467476065382033568e+00
1.212089919588442299e+01
1.056855648279483617e+01
1.091596275501907876e+01
1.320217448698618945e+01
2.656089040059643480e+01
8.979406588155933733e+00
7.519283729442949316e+00
1.267977731709529365e+01
1.031726092002844020e+01
9.134055800011539716e+00
9.797062201798251380e+00
7.592696846950873102e+00
9.921092835996574877e+00
1.509767896683038124e+01
7.694806130263760480e+00
9.776215236720579682e+00
1.066943389688916177e+01
7.770686090584509209e+00
4.706813471647758718e+01
1.171495700444276089e+01
7.809427602963227244e+00
8.751500571436029929e+01
1.280875627859568411e+01
9.055042271705273649e+00
3.243367177480980956e+01
1.032588796032115397e+01
1.351502129077813663e+01
1.117876139595769835e+01
1.454523426379789086e+01
1.888871672165415916e+01
1.061898561924126660e+01
1.163498308621645627e+01
7.531001214132840182e+00
1.584573937033908564e+01
2.065199793369148296e+01
9.389031354974914478e+00
8.823741488266804822e+00
7.430893171931852947e+00
1.164249622511507098e+01
1.626525895724184068e+01
1.624939442990930516e+01
1.429066544260837013e+01
1.104595635793652519e+01
1.520233875220662156e+01
1.003409668270047028e+01
8.359585011625485507e+00
7.478827455456453777e+00
8.403502481927551671e+00
9.585688921852328903e+00
9.327587682332453056e+00
7.681514195572710868e+00
1.212231772972602606e+01
8.098793466135946417e+00
8.826434293728377511e+00
8.021064154424205839e+00
1.101521846882909550e+01
9.880847113460159648e+00
9.521936339794027759e+00
9.482847714888228197e+00
2.555105904270742201e+01
5.346381116121567345e+01
7.631525201299088401e+00
2.992321594148637232e+01
7.460802964083391053e+00
1.014179904352863915e+01
3.730145567175359389e+01
1.200519787006945016e+01
1.182579819146039846e+01
9.978629780148860817e+00
1.125197417976819381e+01
4.705520495385841429e+01
9.553618926288091728e+00
1.088946666496686078e+01
7.635711883093068586e+00
1.133428465695266318e+01
7.476948912038445805e+00
8.700991166434098645e+00
9.812504701206460567e+00
1.130122910259440516e+01
1.187072213734643000e+01
1.378983353243133081e+01
1.686098889607804452e+01
8.836860893383612137e+00
1.121696503129445155e+01
7.635681644835053739e+00
1.166173971617499738e+01
1.808957740466414066e+01
7.696575512639288519e+00
1.288900275325852895e+01
3.089375282762994246e+01
9.382937416467132863e+00
1.081561880252486496e+01
1.477771608396159486e+01
1.049389257798633679e+01
7.820210190255583171e+00
8.789963085376797380e+00
1.368243842186607040e+01
1.298731038139560923e+01
1.034665864803532642e+01
9.785237128498451398e+00
8.267404311531720396e+00
1.810549209389339254e+01
1.470598248933477414e+01
9.457731339229844991e+00
1.253506493656196064e+01
1.097338029384375702e+01
1.260061860892936281e+01
7.550849950632772867e+00
1.298914220748888404e+01
1.229920900157421570e+01
2.500091518593276163e+01
8.598165086995004813e+00
7.982446268521535160e+00
7.432213233754668913e+00
8.002846356782519877e+00
1.523608472385989110e+01
8.971017594236005976e+00
9.153465919852944666e+00
1.130521943568390810e+02
9.901641589739867300e+00
8.209978011648619400e+00
1.551087301107025773e+01
7.481846785616012241e+00
1.042210988891249990e+01
9.392828314545161206e+00
2.027970349486424695e+01
1.274465433954056870e+01
8.038925643993154679e+00
2.178491303924464262e+01
1.265821976925859182e+01
1.039457508189191692e+01
8.251844129113182547e+00
8.421126463555351549e+00
7.864755781120632783e+00
1.414966697552153896e+01
8.070432343270317332e+00
1.106406563587256286e+01
1.653958411618583568e+01
9.068147253963180887e+00
1.074018301361667582e+01
7.655130827417444550e+00
2.132788349814482132e+01
8.215793481679444454e+00
9.675562768634216937e+00
1.357639833066454749e+01
1.114217727252003698e+01
1.602157126439023926e+01
8.240371244673539763e+00
8.827368311329143680e+00
8.350611364967427619e+00
1.018038766858278876e+02
1.052483478651186211e+01
7.567056730920879382e+00
2.106401893446934892e+01
1.166981519260243161e+01
8.684474335822629953e+00
9.863207338695799464e+00
1.213341659157581987e+01
1.963563662153717360e+01
7.498244225607264113e+00
1.803472259464191296e+01
1.595672922230989954e+01
1.843590874004444302e+01
2.826698675030677776e+01
1.285406115765971080e+01
1.083954860535851772e+01
1.606212540762567187e+01
1.726832135666350965e+01
1.909503071745482927e+01
1.021884223184874863e+01
7.785303054880923668e+00
1.076818242884139387e+01
1.568012945380488787e+01
1.008375075133035992e+01
1.221456127552768578e+01
1.215167089357465002e+01
1.105584047199858055e+01
8.044525664256083175e+00
8.528295452184179837e+00
1.058176015317261829e+02
1.189580070320765692e+01
1.157054202658688169e+01
8.788536250667668526e+00
1.023074908288513818e+01
8.302000444314579397e+00
1.078923609063210343e+01
7.965007466550351189e+00
9.353881175537173576e+00
8.676302618798692023e+00
1.061342168546287823e+01
2.257281356373831471e+01
1.165317271380543396e+01
1.911983469054554874e+01
8.399560719606400383e+00
1.843874697315696665e+01
7.641160962026200210e+00
8.283139667200158485e+00
2.345435907941094555e+01
1.595607602975427142e+01
9.014875390160039359e+00
1.324279215604590654e+01
1.955062733160029609e+01
8.990137484830528436e+00
3.266024606898144356e+01
9.732301435587947580e+00
1.007638343215294974e+01
8.915681430149275499e+00
1.093177692607998530e+01
8.516714007075119497e+00
1.490510441588440749e+01
7.497135279359410376e+00
1.699821163085212916e+01
9.972401535568964803e+00
8.310687277904795778e+00
2.662424920466690637e+01
9.146468390366152335e+00
2.275045831462826129e+01
1.810276426081377821e+01
1.003058669458777707e+01
2.703506353333739654e+01
2.494897874129376802e+01
2.639969939958536571e+01
1.432469228139858330e+01
1.325111042140630069e+01
1.281301169112917826e+01
9.305131564994374216e+00
1.399992987315043180e+01
1.424603619727738391e+01
7.463799486799779892e+00
3.988877949165190984e+01
1.491426648441925273e+01
7.857201381257693740e+00
7.717286670808871207e+00
4.396536156013315377e+01
3.472102981257375376e+01
4.399776583825411791e+01
3.097178383359202059e+01
2.580795063242580056e+01
8.236536226579515230e+00
2.543133057405905006e+01
1.000343012392747077e+01
8.792925561022952863e+00
8.728900135406361116e+00
1.869702620049301345e+01
1.111797450784918695e+01
7.471437414102581442e+00
9.265401154497592273e+00
2.216976579479101517e+01
2.240823969275270500e+01
2.065025408156347098e+01
1.579449559979228290e+01
8.788272253062482164e+00
1.390723987310752285e+01
7.602771689420747769e+00
9.682699687690291768e+00
7.526155331583946229e+00
9.489369346649644044e+00
1.212671614939537612e+01
1.036865626139206853e+01
2.212789350147761169e+01
3.031621137242410313e+01
4.254380551345503392e+01
8.261427104465722593e+00
1.267141285387402050e+01
2.287466353269305230e+01
1.352911177471521853e+01
9.248335729351761358e+01
8.957195951495283026e+00
1.141772820653472920e+01
1.570531349328212123e+01
9.509175168496426522e+00
1.927222173048470211e+01
1.854916217460057482e+01
7.819624111304899650e+00
9.279117987528708866e+00
7.590606111428010117e+00
7.986500459264092910e+00
9.556602419711600405e+00
9.324554411848708924e+00
1.178420909611539535e+01
1.029578275874264826e+01
9.167156872176500215e+00
8.911314514157663069e+00
1.141439654633891898e+01
9.446315416231323425e+00
1.669537041001814259e+01
7.519617147900647502e+00
2.102277694860445934e+01
7.537405575501194832e+00
2.304559775705950031e+01
9.363209024177571393e+00
9.653843436336879691e+00
7.787848936184770920e+00
1.295167551735485745e+01
7.575762708945070756e+00
9.474022123749781699e+00
9.647769133436154831e+00
1.326277171300534619e+01
7.775659657900588329e+00
8.698204277031736709e+00
7.435852248211252125e+00
8.550603622324894459e+00
1.137314973666608431e+01
9.458978595680289203e+00
1.196372781363887583e+01
2.341392219268193742e+01
9.529482130364240078e+00
8.367595815161466888e+00
1.599050693736579554e+01
1.024722735915707261e+01
1.047817070821907670e+01
1.188608589472735133e+01
1.504935933846551954e+01
1.257594054617183232e+01
1.839993213608011757e+01
9.259751083031311225e+00
1.072813399519683131e+01
1.853665561784286453e+01
7.798471410091773137e+00
1.069692622192500053e+01
1.022646849419671078e+01
1.355651818455998203e+01
1.630415760046050622e+01
1.873661963406116371e+01
9.391349406381639398e+00
2.123260900931408912e+01
7.735351811680363454e+00
8.720866412308211579e+00
1.847659852852198270e+01
1.044466225915340907e+01
1.675420081483260049e+01
2.826084382215995561e+01
1.553966246962271924e+01
1.140263248479265279e+01
8.794588270224551252e+00
7.549970665557820482e+00
1.739552766363772918e+01
8.241832694994709385e+00
1.345718273396104969e+01
7.515601934306388898e+00
8.452324474926950160e+00
8.325346767626935929e+00
7.898237149296503112e+00
2.394671415713631291e+01
2.256336295907529177e+01
8.412017759475196144e+00
1.217204593441254623e+01
1.551998865529315808e+01
2.724232302456906751e+01
1.353104770207210450e+01
1.977413807859468520e+01
1.797640897086114009e+01
1.034153971929016613e+01
1.304600378511600489e+01
8.959323128709105077e+00
8.783302841618276346e+00
1.979448598334902343e+01
7.802693673485959991e+00
8.351671618680789777e+00
1.695863290950893898e+01
9.617621492094832192e+00
8.829599264490550325e+00
1.146784336240560442e+01
1.289439752273375817e+01
2.118719274510425521e+01
9.776529458953303831e+00
9.174387270371559211e+00
1.438523387348929816e+01
9.767535741670389626e+00
9.329088287234869270e+00
1.201437094986409804e+01
1.436324494093801718e+01
1.106366120560477384e+01
8.856021049086351127e+00
4.252203541624150773e+01
1.272511677625602466e+01
1.061776241796283671e+01
1.334888821493083633e+01
1.452668705839795038e+01
1.073600580269959792e+01
7.537942336017501965e+00
9.299206479011305149e+00
1.616197791175645548e+01
2.761261548409139621e+01
1.409208192031522522e+01
1.176460826866034459e+01
1.356719024704238130e+01
1.275374912752335987e+01
9.319766280248561685e+00
1.533704566309877393e+01
2.550214254486477472e+01
2.899308343028485169e+01
9.893880226035026482e+00
1.848250004269342384e+01
1.574269669536240990e+01
1.235629756847683502e+01
2.798850898653270747e+01
6.649138395752703445e+01
8.023424402308366510e+00
9.319070391298366118e+00
2.478922826789384004e+01
7.788076492026106301e+00
2.160993079398421912e+01
8.418973361567179126e+00
2.327024809430804808e+01
5.531603728789970376e+01
8.910118868154452088e+00
1.380283029687375240e+01
1.512755586014528575e+01
8.634177082711754991e+00
1.236341233582692567e+01
9.402903546034313109e+00
3.857510273063174111e+01
9.568682326540990601e+00
1.580498203228233933e+01
3.244236700114196736e+01
2.659145227987623983e+01
1.234654467433376901e+01
8.669395015470286125e+00
8.339233346966302918e+00
1.061185662488978032e+01
8.354214342531124160e+00
